Section,FrameNo,InterLat,InterLon,InterAlt,FrameNoCalculated,Sub_Distance__km_,MeasuredChainage,ReferencePoints,Latitude__deg_,Longitude__deg_,GPS_position_is_calculated,ImageFilename
LEADIN,180,13.68203944,100.4792816,1.330124813,181,0.916,-0.000457764,Start,13.682039,100.479282,FALSE,180.jpg
0103215R07,181,13.68202599,100.479238,1.494548178,182,0.005,0.00453949,Rama II Road,13.682026,100.479238,FALSE,181.jpg
0103215R07,182,13.68201248,100.4791942,1.659630554,183,0.01,0.009544373,Rama II Road,13.682012,100.479194,FALSE,182.jpg
0103215R07,183,13.68199914,100.4791504,1.83572,184,0.015,0.01451874,Rama II Road,13.681999,100.47915,FALSE,183.jpg
0103215R07,184,13.68198677,100.4791067,2.07307,185,0.02,0.01951599,Rama II Road,13.681987,100.479107,FALSE,184.jpg
0103215R07,185,13.6819743,100.4790627,2.3123,186,0.025,0.02452087,Rama II Road,13.681974,100.479063,FALSE,185.jpg
0103215R07,186,13.68196178,100.4790185,2.55247,187,0.029,0.02947998,Rama II Road,13.681962,100.479019,FALSE,186.jpg
0103215R07,187,13.68194935,100.4789739,2.777741129,188,0.034,0.03444672,Rama II Road,13.681949,100.478974,FALSE,187.jpg
0103215R07,188,13.68193752,100.478929,2.945977011,189,0.039,0.03949738,Rama II Road,13.681938,100.478929,FALSE,188.jpg
0103215R07,189,13.68192585,100.4788846,3.111974013,190,0.044,0.04447174,Rama II Road,13.681926,100.478885,FALSE,189.jpg
0103215R07,190,13.68191408,100.4788399,3.279250375,191,0.049,0.04948425,Rama II Road,13.681914,100.47884,FALSE,190.jpg
0103215R07,191,13.68190238,100.478795,3.432526263,192,0.054,0.05449677,Rama II Road,13.681902,100.478795,FALSE,191.jpg
0103215R07,192,13.68189091,100.4787505,3.562841421,193,0.06,0.05950165,Rama II Road,13.681891,100.47875,FALSE,192.jpg
0103215R07,193,13.68187942,100.4787058,3.693406703,194,0.065,0.06452942,Rama II Road,13.681879,100.478706,FALSE,193.jpg
0103215R07,194,13.68186791,100.4786611,3.824222111,195,0.07,0.06957245,Rama II Road,13.681868,100.478661,FALSE,194.jpg
0103215R07,195,13.6818567,100.4786165,4.023641821,196,0.075,0.07456207,Rama II Road,13.681857,100.478616,FALSE,195.jpg
0103215R07,196,13.68184558,100.4785715,4.277098549,197,0.08,0.07958221,Rama II Road,13.681846,100.478571,FALSE,196.jpg
0103215R07,197,13.68183446,100.4785265,4.530555278,198,0.085,0.08460236,Rama II Road,13.681834,100.478526,FALSE,197.jpg
0103215R07,198,13.68182346,100.478482,4.781070535,199,0.09,0.08958435,Rama II Road,13.681823,100.478482,FALSE,198.jpg
0103215R07,199,13.681812,100.4784372,5.105394605,200,0.095,0.09463501,Rama II Road,13.681812,100.478437,FALSE,199.jpg
0103215R07,200,13.68180049,100.478393,5.458321678,201,0.1,0.09964752,Rama II Road,13.6818,100.478393,FALSE,200.jpg
0103215R07,201,13.68178903,100.4783489,5.80987013,202,0.105,0.10466,Rama II Road,13.681789,100.478349,FALSE,201.jpg
0103215R07,202,13.68177754,100.4783048,6.162107892,203,0.11,0.1096878,Rama II Road,13.681778,100.478305,FALSE,202.jpg
0103215R07,203,13.68176611,100.4782602,6.445502751,204,0.115,0.1146851,Rama II Road,13.681766,100.47826,FALSE,203.jpg
0103215R07,204,13.68175469,100.4782156,6.709274637,205,0.12,0.1196976,Rama II Road,13.681755,100.478216,FALSE,204.jpg
0103215R07,205,13.68174324,100.4781708,6.974087044,206,0.125,0.1247177,Rama II Road,13.681743,100.478171,FALSE,205.jpg
0103215R07,206,13.68173189,100.4781264,7.236298149,207,0.13,0.1296844,Rama II Road,13.681732,100.478126,FALSE,206.jpg
0103215R07,207,13.68172098,100.4780831,7.628051307,208,0.135,0.1346817,Rama II Road,13.681721,100.478083,FALSE,207.jpg
0103215R07,208,13.6817101,100.4780399,8.048169709,209,0.14,0.1397171,Rama II Road,13.68171,100.47804,FALSE,208.jpg
0103215R07,209,13.68169928,100.4779968,8.465831278,210,0.145,0.1447067,Rama II Road,13.681699,100.477997,FALSE,209.jpg
0103215R07,210,13.68168838,100.4779535,8.886768624,211,0.15,0.1497192,Rama II Road,13.681688,100.477953,FALSE,210.jpg
0103215R07,211,13.68167631,100.4779089,9.126514691,212,0.155,0.1547394,Rama II Road,13.681676,100.477909,FALSE,211.jpg
0103215R07,212,13.68166405,100.477864,9.340445795,213,0.16,0.1597366,Rama II Road,13.681664,100.477864,FALSE,212.jpg
0103215R07,213,13.68165183,100.4778193,9.553546099,214,0.165,0.1647034,Rama II Road,13.681652,100.477819,FALSE,213.jpg
0103215R07,214,13.68163932,100.477774,9.76828,215,0.17,0.1697159,Rama II Road,13.681639,100.477774,FALSE,214.jpg
0103215R07,215,13.68162441,100.4777311,9.948715,216,0.175,0.1747284,Rama II Road,13.681624,100.477731,FALSE,215.jpg
0103215R07,216,13.68160945,100.4776881,10.12984,217,0.18,0.179718,Rama II Road,13.681609,100.477688,FALSE,216.jpg
0103215R07,217,13.68159437,100.4776447,10.312345,218,0.185,0.1847076,Rama II Road,13.681594,100.477645,FALSE,217.jpg
0103215R07,218,13.68157811,100.477602,10.48897898,219,0.19,0.1896896,Rama II Road,13.681578,100.477602,FALSE,218.jpg
0103215R07,219,13.68155833,100.4775613,10.64666667,220,0.195,0.194664,Rama II Road,13.681558,100.477561,FALSE,219.jpg
0103215R07,220,13.68153822,100.47752,10.80701201,221,0.2,0.1996765,Rama II Road,13.681538,100.47752,FALSE,220.jpg
0103215R07,221,13.68151815,100.4774788,10.96706206,222,0.205,0.2046509,Rama II Road,13.681518,100.477479,FALSE,221.jpg
0103215R07,222,13.68149465,100.4774405,11.11248376,223,0.21,0.2095947,Rama II Road,13.681495,100.47744,FALSE,222.jpg
0103215R07,223,13.6814676,100.4774037,11.24912544,224,0.215,0.2146454,Rama II Road,13.681468,100.477404,FALSE,223.jpg
0103215R07,224,13.68144055,100.4773669,11.38576712,225,0.22,0.2196426,Rama II Road,13.681441,100.477367,FALSE,224.jpg
0103215R07,225,13.68141336,100.4773298,11.52314343,226,0.225,0.2246246,Rama II Road,13.681413,100.47733,FALSE,225.jpg
0103215R07,226,13.68138029,100.4772998,11.61599401,227,0.23,0.2296143,Rama II Road,13.68138,100.4773,FALSE,226.jpg
0103215R07,227,13.68134669,100.4772699,11.7071029,228,0.235,0.2346039,Rama II Road,13.681347,100.47727,FALSE,227.jpg
0103215R07,228,13.68131286,100.4772398,11.79885115,229,0.24,0.2395706,Rama II Road,13.681313,100.47724,FALSE,228.jpg
0103215R07,229,13.68127625,100.4772134,11.851315,230,0.245,0.2445908,Rama II Road,13.681276,100.477213,FALSE,229.jpg
0103215R07,230,13.6812369,100.4771921,11.85423,231,0.25,0.2495651,Rama II Road,13.681237,100.477192,FALSE,230.jpg
0103215R07,231,13.68119721,100.4771707,11.85717,232,0.255,0.2545624,Rama II Road,13.681197,100.477171,FALSE,231.jpg
0103215R07,232,13.681157,100.4771494,11.86350175,233,0.26,0.2595825,Rama II Road,13.681157,100.477149,FALSE,232.jpg
0103215R07,233,13.68111443,100.4771375,11.93791396,234,0.265,0.2645798,Rama II Road,13.681114,100.477138,FALSE,233.jpg
0103215R07,234,13.68107173,100.4771256,12.01257629,235,0.27,0.269577,Rama II Road,13.681072,100.477126,FALSE,234.jpg
0103215R07,235,13.68102895,100.4771136,12.08736368,236,0.275,0.2745667,Rama II Road,13.681029,100.477114,FALSE,235.jpg
0103215R07,236,13.6809847,100.4771079,12.006365,237,0.28,0.2795792,Rama II Road,13.680985,100.477108,FALSE,236.jpg
0103215R07,237,13.68093993,100.4771049,11.85814,238,0.285,0.284584,Rama II Road,13.68094,100.477105,FALSE,237.jpg
0103215R07,238,13.68089516,100.4771018,11.709915,239,0.29,0.2895813,Rama II Road,13.680895,100.477102,FALSE,238.jpg
0103215R07,239,13.68085028,100.4771025,11.54766383,240,0.295,0.2946014,Rama II Road,13.68085,100.477103,FALSE,239.jpg
0103215R07,240,13.68080579,100.4771089,11.36607304,241,0.3,0.2995911,Rama II Road,13.680806,100.477109,FALSE,240.jpg
0103215R07,241,13.68076093,100.4771153,11.18298149,242,0.305,0.3046112,Rama II Road,13.680761,100.477115,FALSE,241.jpg
0103215R07,242,13.68071619,100.4771223,10.99362637,243,0.31,0.309639,Rama II Road,13.680716,100.477122,FALSE,242.jpg
0103215R07,243,13.68067207,100.4771344,10.75186813,244,0.315,0.3146515,Rama II Road,13.680672,100.477134,FALSE,243.jpg
0103215R07,244,13.68062831,100.4771464,10.51210789,245,0.32,0.319664,Rama II Road,13.680628,100.477146,FALSE,244.jpg
0103215R07,245,13.68058477,100.4771583,10.27354645,246,0.325,0.324707,Rama II Road,13.680585,100.477158,FALSE,245.jpg
0103215R07,246,13.68054135,100.4771721,10.02448673,247,0.33,0.3297348,Rama II Road,13.680541,100.477172,FALSE,246.jpg
0103215R07,247,13.68049807,100.4771865,9.772989484,248,0.335,0.3347855,Rama II Road,13.680498,100.477186,FALSE,247.jpg
0103215R07,248,13.68045553,100.4772006,9.525798698,249,0.34,0.3398132,Rama II Road,13.680456,100.477201,FALSE,248.jpg
0103215R07,249,13.68041269,100.477215,9.274525475,250,0.345,0.3448486,Rama II Road,13.680413,100.477215,FALSE,249.jpg
0103215R07,250,13.68036938,100.4772302,9.015804196,251,0.35,0.3498764,Rama II Road,13.680369,100.47723,FALSE,250.jpg
0103215R07,251,13.68032654,100.4772452,8.75984016,252,0.355,0.3548889,Rama II Road,13.680327,100.477245,FALSE,251.jpg
0103215R07,252,13.68028369,100.4772603,8.503876124,253,0.36,0.3599625,Rama II Road,13.680284,100.47726,FALSE,252.jpg
0103215R07,253,13.68024058,100.4772755,8.241450725,254,0.365,0.3649902,Rama II Road,13.680241,100.477276,FALSE,253.jpg
0103215R07,254,13.6801976,100.4772909,7.978189095,255,0.37,0.3700104,Rama II Road,13.680198,100.477291,FALSE,254.jpg
0103215R07,255,13.68015494,100.4773061,7.716888444,256,0.375,0.3750839,Rama II Road,13.680155,100.477306,FALSE,255.jpg
0103215R07,256,13.68011316,100.4773209,7.46098049,257,0.38,0.3801193,Rama II Road,13.680113,100.477321,FALSE,256.jpg
0103215R07,257,13.68007012,100.4773363,7.202202797,258,0.385,0.3851166,Rama II Road,13.68007,100.477336,FALSE,257.jpg
0103215R07,258,13.68002715,100.4773517,6.943901099,259,0.39,0.390152,Rama II Road,13.680027,100.477352,FALSE,258.jpg
0103215R07,259,13.67998469,100.4773668,6.688626374,260,0.395,0.3951492,Rama II Road,13.679985,100.477367,FALSE,259.jpg
0103215R07,260,13.67994192,100.4773821,6.43182,261,0.4,0.4002151,Rama II Road,13.679942,100.477382,FALSE,260.jpg
0103215R07,261,13.67989917,100.4773971,6.17932,262,0.405,0.4052048,Rama II Road,13.679899,100.477397,FALSE,261.jpg
0103215R07,262,13.67985599,100.4774122,5.924295,263,0.41,0.4102631,Rama II Road,13.679856,100.477412,FALSE,262.jpg
0103215R07,263,13.67981342,100.4774272,5.672805,264,0.415,0.4152679,Rama II Road,13.679813,100.477427,FALSE,263.jpg
0103215R07,264,13.67977069,100.4774421,5.42156078,265,0.42,0.4202957,Rama II Road,13.679771,100.477442,FALSE,264.jpg
0103215R07,265,13.67972778,100.4774569,5.182336168,266,0.425,0.4252853,Rama II Road,13.679728,100.477457,FALSE,265.jpg
0103215R07,266,13.67968443,100.4774719,4.940685343,267,0.43,0.4303436,Rama II Road,13.679684,100.477472,FALSE,266.jpg
0103215R07,267,13.67964195,100.4774865,4.703886943,268,0.435,0.435318,Rama II Road,13.679642,100.477487,FALSE,267.jpg
0103215R07,268,13.67959913,100.4775013,4.466351824,269,0.44,0.4403458,Rama II Road,13.679599,100.477501,FALSE,268.jpg
0103215R07,269,13.67955652,100.4775162,4.287591204,270,0.445,0.4453506,Rama II Road,13.679557,100.477516,FALSE,269.jpg
0103215R07,270,13.67951374,100.4775312,4.10810095,271,0.45,0.450386,Rama II Road,13.679514,100.477531,FALSE,270.jpg
0103215R07,271,13.67947122,100.4775461,3.929705147,272,0.455,0.4553833,Rama II Road,13.679471,100.477546,FALSE,271.jpg
0103215R07,272,13.67942887,100.477561,3.752038981,273,0.46,0.4603729,Rama II Road,13.679429,100.477561,FALSE,272.jpg
0103215R07,273,13.67938611,100.4775759,3.553076152,274,0.465,0.4653473,Rama II Road,13.679386,100.477576,FALSE,273.jpg
0103215R07,274,13.6793428,100.477591,3.350130261,275,0.47,0.4703979,Rama II Road,13.679343,100.477591,FALSE,274.jpg
0103215R07,275,13.67929992,100.4776059,3.149238477,276,0.475,0.4753799,Rama II Road,13.6793,100.477606,FALSE,275.jpg
0103215R07,276,13.67925679,100.477621,2.947114228,277,0.48,0.4804077,Rama II Road,13.679257,100.477621,FALSE,276.jpg
0103215R07,277,13.67921374,100.4776355,2.837432432,278,0.485,0.4854279,Rama II Road,13.679214,100.477635,FALSE,277.jpg
0103215R07,278,13.67917066,100.4776499,2.741981982,279,0.49,0.4904251,Rama II Road,13.679171,100.47765,FALSE,278.jpg
0103215R07,279,13.67912706,100.4776645,2.64536036,280,0.495,0.4954681,Rama II Road,13.679127,100.477665,FALSE,279.jpg
0103215R07,280,13.6790839,100.477679,2.549714715,281,0.5,0.500473,Rama II Road,13.679084,100.477679,FALSE,280.jpg
0103215R07,281,13.67904122,100.4776926,2.549301746,282,0.505,0.5054398,Rama II Road,13.679041,100.477693,FALSE,281.jpg
0103215R07,282,13.67899802,100.4777062,2.573990025,283,0.51,0.5104523,Rama II Road,13.678998,100.477706,FALSE,282.jpg
0103215R07,283,13.67895481,100.4777198,2.598678304,284,0.515,0.5154419,Rama II Road,13.678955,100.47772,FALSE,283.jpg
0103215R07,284,13.67891135,100.4777334,2.623516209,285,0.52,0.5204468,Rama II Road,13.678911,100.477733,FALSE,284.jpg
0103215R07,285,13.6788686,100.4777477,2.620763854,286,0.525,0.5254364,Rama II Road,13.678869,100.477748,FALSE,285.jpg
0103215R07,286,13.67882608,100.4777622,2.608257614,287,0.53,0.5304184,Rama II Road,13.678826,100.477762,FALSE,286.jpg
0103215R07,287,13.67878296,100.4777769,2.595576635,288,0.535,0.5354462,Rama II Road,13.678783,100.477777,FALSE,287.jpg
0103215R07,288,13.67873993,100.4777916,2.582920619,289,0.54,0.5404358,Rama II Road,13.67874,100.477792,FALSE,288.jpg
0103215R07,289,13.67869708,100.4778071,2.583965949,290,0.545,0.5454636,Rama II Road,13.678697,100.477807,FALSE,289.jpg
0103215R07,290,13.67865486,100.4778226,2.58905358,291,0.55,0.5504227,Rama II Road,13.678655,100.477823,FALSE,290.jpg
0103215R07,291,13.67861205,100.4778383,2.594211317,292,0.555,0.5554352,Rama II Road,13.678612,100.477838,FALSE,291.jpg
0103215R07,292,13.67856932,100.477854,2.599359039,293,0.56,0.5604172,Rama II Road,13.678569,100.477854,FALSE,292.jpg
0103215R07,293,13.67852719,100.4778711,2.581710855,294,0.565,0.5654373,Rama II Road,13.678527,100.477871,FALSE,293.jpg
0103215R07,294,13.67848531,100.4778883,2.56090045,295,0.57,0.5704346,Rama II Road,13.678485,100.477888,FALSE,294.jpg
0103215R07,295,13.67844359,100.4779054,2.540170085,296,0.575,0.5754089,Rama II Road,13.678444,100.477905,FALSE,295.jpg
0103215R07,296,13.67840128,100.4779228,2.51912,297,0.58,0.5804367,Rama II Road,13.678401,100.477923,FALSE,296.jpg
0103215R07,297,13.67836065,100.4779413,2.49828,298,0.585,0.5854111,Rama II Road,13.678361,100.477941,FALSE,297.jpg
0103215R07,298,13.67831923,100.4779601,2.47704,299,0.59,0.5904617,Rama II Road,13.678319,100.47796,FALSE,298.jpg
0103215R07,299,13.67827828,100.4779788,2.45604,300,0.595,0.5954437,Rama II Road,13.678278,100.477979,FALSE,299.jpg
0103215R07,300,13.67823736,100.4779979,2.438097853,301,0.6,0.6004486,Rama II Road,13.678237,100.477998,FALSE,300.jpg
0103215R07,301,13.67819714,100.4780183,2.43015976,302,0.605,0.6054535,Rama II Road,13.678197,100.478018,FALSE,301.jpg
0103215R07,302,13.67815692,100.4780386,2.422221667,303,0.61,0.6104355,Rama II Road,13.678157,100.478039,FALSE,302.jpg
0103215R07,303,13.67811617,100.4780593,2.414178732,304,0.615,0.615448,Rama II Road,13.678116,100.478059,FALSE,303.jpg
0103215R07,304,13.67807621,100.4780802,2.413860791,305,0.62,0.6204147,Rama II Road,13.678076,100.47808,FALSE,304.jpg
0103215R07,305,13.67803644,100.4781017,2.42203305,306,0.625,0.6254196,Rama II Road,13.678036,100.478102,FALSE,305.jpg
0103215R07,306,13.67799645,100.4781233,2.430250376,307,0.63,0.6303711,Rama II Road,13.677996,100.478123,FALSE,306.jpg
0103215R07,307,13.67795587,100.4781453,2.438587882,308,0.635,0.6353302,Rama II Road,13.677956,100.478145,FALSE,307.jpg
0103215R07,308,13.67791694,100.4781675,2.470875,309,0.64,0.6403503,Rama II Road,13.677917,100.478168,FALSE,308.jpg
0103215R07,309,13.6778784,100.4781898,2.50799,310,0.645,0.6452866,Rama II Road,13.677878,100.47819,FALSE,309.jpg
0103215R07,310,13.67783857,100.4782128,2.54634,311,0.65,0.6502838,Rama II Road,13.677839,100.478213,FALSE,310.jpg
0103215R07,311,13.67779955,100.4782361,2.582815,312,0.655,0.6552353,Rama II Road,13.6778,100.478236,FALSE,311.jpg
0103215R07,312,13.67776186,100.4782598,2.616255,313,0.66,0.6601715,Rama II Road,13.677762,100.47826,FALSE,312.jpg
0103215R07,313,13.67772311,100.4782842,2.65063,314,0.665,0.6651764,Rama II Road,13.677723,100.478284,FALSE,313.jpg
0103215R07,314,13.67768457,100.478309,2.669434717,315,0.67,0.6701508,Rama II Road,13.677685,100.478309,FALSE,314.jpg
0103215R07,315,13.6776484,100.4783359,2.5989995,316,0.675,0.6751633,Rama II Road,13.677648,100.478336,FALSE,315.jpg
0103215R07,316,13.6776121,100.4783629,2.528344172,317,0.68,0.6801376,Rama II Road,13.677612,100.478363,FALSE,316.jpg
0103215R07,317,13.67757542,100.4783901,2.465454545,318,0.685,0.6851349,Rama II Road,13.677575,100.47839,FALSE,317.jpg
0103215R07,318,13.67753873,100.4784161,2.592077922,319,0.69,0.6901016,Rama II Road,13.677539,100.478416,FALSE,318.jpg
0103215R07,319,13.67750142,100.4784425,2.720844156,320,0.695,0.6951218,Rama II Road,13.677501,100.478443,FALSE,319.jpg
0103215R07,320,13.67746423,100.4784688,2.849220779,321,0.7,0.7001114,Rama II Road,13.677464,100.478469,FALSE,320.jpg
0103215R07,321,13.67742886,100.4784975,2.86326,322,0.705,0.7051468,Rama II Road,13.677429,100.478498,FALSE,321.jpg
0103215R07,322,13.67739372,100.478526,2.87652,323,0.71,0.7101593,Rama II Road,13.677394,100.478526,FALSE,322.jpg
0103215R07,323,13.67735864,100.4785545,2.88976,324,0.715,0.7151642,Rama II Road,13.677359,100.478554,FALSE,323.jpg
0103215R07,324,13.67732379,100.4785843,2.971456456,325,0.72,0.7201691,Rama II Road,13.677324,100.478584,FALSE,324.jpg
0103215R07,325,13.677289,100.4786141,3.054289289,326,0.725,0.725174,Rama II Road,13.677289,100.478614,FALSE,325.jpg
0103215R07,326,13.67725416,100.478644,3.137247247,327,0.73,0.7301788,Rama II Road,13.677254,100.478644,FALSE,326.jpg
0103215R07,327,13.67722017,100.4786743,3.271954023,328,0.735,0.735199,Rama II Road,13.67722,100.478674,FALSE,327.jpg
0103215R07,328,13.67718643,100.4787044,3.407596202,329,0.74,0.7401886,Rama II Road,13.677186,100.478704,FALSE,328.jpg
0103215R07,329,13.67715233,100.4787348,3.544672664,330,0.745,0.7451935,Rama II Road,13.677152,100.478735,FALSE,329.jpg
0103215R07,330,13.67712046,100.4787678,3.31852,331,0.75,0.7502136,Rama II Road,13.67712,100.478768,FALSE,330.jpg
0103215R07,331,13.67708878,100.4788008,3.0784,332,0.755,0.7552032,Rama II Road,13.677089,100.478801,FALSE,331.jpg
0103215R07,332,13.67705686,100.4788341,2.83648,333,0.76,0.7602158,Rama II Road,13.677057,100.478834,FALSE,332.jpg
0103215R07,333,13.67702462,100.4788654,2.90844078,334,0.765,0.7652054,Rama II Road,13.677025,100.478865,FALSE,333.jpg
0103215R07,334,13.67699224,100.4788968,2.9894003,335,0.77,0.7701721,Rama II Road,13.676992,100.478897,FALSE,334.jpg
0103215R07,335,13.67695931,100.4789288,3.06816092,336,0.775,0.7751541,Rama II Road,13.676959,100.478929,FALSE,335.jpg
0103215R07,336,13.67692914,100.4789621,2.987471264,337,0.78,0.7801514,Rama II Road,13.676929,100.478962,FALSE,336.jpg
0103215R07,337,13.67689845,100.478996,2.905402299,338,0.785,0.7851028,Rama II Road,13.676898,100.478996,FALSE,337.jpg
0103215R07,338,13.67686764,100.4790305,2.774022989,339,0.79,0.7900696,Rama II Road,13.676868,100.47903,FALSE,338.jpg
0103215R07,339,13.67683819,100.4790652,2.468315842,340,0.795,0.7950668,Rama II Road,13.676838,100.479065,FALSE,339.jpg
0103215R07,340,13.67680838,100.4791002,2.15892054,341,0.8,0.8000565,Rama II Road,13.676808,100.4791,FALSE,340.jpg
0103215R07,341,13.67678091,100.4791364,2.142013958,342,0.805,0.8050232,Rama II Road,13.676781,100.479136,FALSE,341.jpg
0103215R07,342,13.67675502,100.4791739,2.366091725,343,0.81,0.8100204,Rama II Road,13.676755,100.479174,FALSE,342.jpg
0103215R07,343,13.6767289,100.4792117,2.59219342,344,0.815,0.8150101,Rama II Road,13.676729,100.479212,FALSE,343.jpg
0103215R07,344,13.676703,100.4792492,2.49998997,345,0.82,0.8199997,Rama II Road,13.676703,100.479249,FALSE,344.jpg
0103215R07,345,13.67667679,100.4792871,2.395155466,346,0.825,0.8249817,Rama II Road,13.676677,100.479287,FALSE,345.jpg
0103215R07,346,13.67665042,100.4793251,2.324272136,347,0.83,0.8299789,Rama II Road,13.67665,100.479325,FALSE,346.jpg
0103215R07,347,13.676624,100.4793631,2.291255628,348,0.835,0.8349838,Rama II Road,13.676624,100.479363,FALSE,347.jpg
0103215R07,348,13.67659736,100.4794013,2.26052,349,0.84,0.8399734,Rama II Road,13.676597,100.479401,FALSE,348.jpg
0103215R07,349,13.67657084,100.4794383,2.26894,350,0.845,0.8449554,Rama II Road,13.676571,100.479438,FALSE,349.jpg
0103215R07,350,13.67654394,100.4794759,2.27748,351,0.85,0.8499146,Rama II Road,13.676544,100.479476,FALSE,350.jpg
0103215R07,351,13.67652049,100.4795112,2.224172086,352,0.855,0.8548737,Rama II Road,13.67652,100.479511,FALSE,351.jpg
0103215R07,352,13.67649783,100.4795465,2.142591296,353,0.86,0.8598175,Rama II Road,13.676498,100.479547,FALSE,352.jpg
0103215R07,353,13.67647504,100.479584,2.092695,354,0.865,0.864769,Rama II Road,13.676475,100.479584,FALSE,353.jpg
0103215R07,354,13.67645218,100.4796236,2.077455,355,0.87,0.8696594,Rama II Road,13.676452,100.479624,FALSE,354.jpg
0103215R07,355,13.67643087,100.4796639,1.99252,356,0.875,0.874588,Rama II Road,13.676431,100.479664,FALSE,355.jpg
0103215R07,356,13.67641038,100.479706,1.83587,357,0.879,0.8794632,Rama II Road,13.67641,100.479706,FALSE,356.jpg
0103215R07,357,13.67639178,100.4797475,1.50554,358,0.884,0.884346,Rama II Road,13.676392,100.479748,FALSE,357.jpg
0103215R07,358,13.67637317,100.4797891,1.319825087,359,0.889,0.8892365,Rama II Road,13.676373,100.479789,FALSE,358.jpg
0103215R07,359,13.6763549,100.4798298,1.373188406,360,0.894,0.8941116,Rama II Road,13.676355,100.47983,FALSE,359.jpg
0103215R07,360,13.67633703,100.4798713,1.40324,361,0.899,0.8989334,Rama II Road,13.676337,100.479871,FALSE,360.jpg
0103215R07,361,13.67631959,100.4799123,1.444632316,362,0.904,0.9036407,Rama II Road,13.67632,100.479912,FALSE,361.jpg
0103215R07,362,13.67630368,100.479958,2.1866,363,0.909,0.9090576,Rama II Road,13.676304,100.479958,FALSE,362.jpg
0103215R07,363,13.67628222,100.4799982,1.316101949,364,0.914,0.9137726,Rama II Road,13.676282,100.479998,FALSE,363.jpg
0103215R07,364,13.67626535,100.480041,1.33,365,0.919,0.9187469,Rama II Road,13.676265,100.480041,FALSE,364.jpg
0103215R07,365,13.67624795,100.4800832,1.24,366,0.923,0.9232025,Rama II Road,13.676248,100.480083,FALSE,365.jpg
0103215R07,366,13.67623116,100.4801271,1.465777889,367,0.929,0.9289703,Rama II Road,13.676231,100.480127,FALSE,366.jpg
0103215R07,367,13.67621311,100.480177,1.143828086,368,0.934,0.9339218,Rama II Road,13.676213,100.480177,FALSE,367.jpg
0103215R07,368,13.67619335,100.4802234,0.05978,369,0.939,0.9387817,Rama II Road,13.676193,100.480223,FALSE,368.jpg
0103215R07,369,13.67619335,100.4802234,0.05978,370,0.944,0.9437714,Rama II Road,13.676193,100.480223,FALSE,369.jpg
0103215R07,370,13.6761672,100.4803054,0.60218,371,0.949,0.9488144,Rama II Road,13.676167,100.480305,FALSE,370.jpg
0103215R07,371,13.6761485,100.4803511,2.059084084,372,0.954,0.9538345,Rama II Road,13.676149,100.480351,FALSE,371.jpg
0103215R07,372,13.67613029,100.4803924,2.083646823,373,0.959,0.9588318,Rama II Road,13.67613,100.480392,FALSE,372.jpg
0103215R07,373,13.67611238,100.4804361,1.24,374,0.964,0.9640656,Rama II Road,13.676112,100.480436,FALSE,373.jpg
0103215R07,374,13.67609573,100.4804788,1.25216,375,0.969,0.9688721,Rama II Road,13.676096,100.480479,FALSE,374.jpg
0103215R07,375,13.67608036,100.4805227,1.335082541,376,0.974,0.9738617,Rama II Road,13.67608,100.480523,FALSE,375.jpg
0103215R07,376,13.67606089,100.4805626,1.79298,377,0.979,0.9788742,Rama II Road,13.676061,100.480563,FALSE,376.jpg
0103215R07,377,13.67604278,100.4806078,1.811955,378,0.984,0.9841156,Rama II Road,13.676043,100.480608,FALSE,377.jpg
0103215R07,378,13.67602829,100.4806523,2.63048,379,0.989,0.9888992,Rama II Road,13.676028,100.480652,FALSE,378.jpg
0103215R07,379,13.67600835,100.4806964,2.5,380,0.994,0.9940338,Rama II Road,13.676008,100.480696,FALSE,379.jpg
0103215R07,380,13.67598936,100.4807387,2.51,381,0.999,0.9989166,Rama II Road,13.675989,100.480739,FALSE,380.jpg
0103215R07,381,13.67597167,100.4807812,2.454454454,382,1.004,1.003922,Rama II Road,13.675972,100.480781,FALSE,381.jpg
0103215R07,382,13.67595229,100.4808235,2.420980981,383,1.009,1.008926,Rama II Road,13.675952,100.480824,FALSE,382.jpg
0103215R07,383,13.67593411,100.4808658,2.38,384,1.014,1.013863,Rama II Road,13.675934,100.480866,FALSE,383.jpg
0103215R07,384,13.67591661,100.4809089,2.459220779,385,1.019,1.018944,Rama II Road,13.675917,100.480909,FALSE,384.jpg
0103215R07,385,13.67589842,100.480951,2.498954477,386,1.024,1.023834,Rama II Road,13.675898,100.480951,FALSE,385.jpg
0103215R07,386,13.67587958,100.4809954,2.5643,387,1.029,1.029175,Rama II Road,13.67588,100.480995,FALSE,386.jpg
0103215R07,387,13.6758639,100.4810323,2.498558559,388,1.034,1.033691,Rama II Road,13.675864,100.481032,FALSE,387.jpg
0103215R07,388,13.6758639,100.4810323,2.498558559,389,1.039,1.0392,Rama II Road,13.675864,100.481032,FALSE,388.jpg
0103215R07,389,13.6758639,100.4810323,2.498558559,390,1.044,1.044235,Rama II Road,13.675864,100.481032,FALSE,389.jpg
0103215R07,390,13.6758639,100.4810323,2.498558559,391,1.049,1.049347,Rama II Road,13.675864,100.481032,FALSE,390.jpg
0103215R07,391,13.6758639,100.4810323,2.498558559,392,1.054,1.054451,Rama II Road,13.675864,100.481032,FALSE,391.jpg
0103215R07,392,13.6758639,100.4810323,2.498558559,393,1.06,1.059509,Rama II Road,13.675864,100.481032,FALSE,392.jpg
0103215R07,393,13.67574524,100.4812886,2.163575,394,1.064,1.064499,Rama II Road,13.675745,100.481289,FALSE,393.jpg
0103215R07,394,13.67571791,100.4813375,5.951908092,395,1.07,1.06955,Rama II Road,13.675718,100.481338,FALSE,394.jpg
0103215R07,395,13.67569293,100.4813826,8.249945027,396,1.075,1.0746,Rama II Road,13.675693,100.481383,FALSE,395.jpg
0103215R07,396,13.67567613,100.4814206,5.896678339,397,1.08,1.07962,Rama II Road,13.675676,100.481421,FALSE,396.jpg
0103215R07,397,13.67566235,100.4814553,1.485127436,398,1.085,1.084633,Rama II Road,13.675662,100.481455,FALSE,397.jpg
0103215R07,398,13.6756415,100.481497,1.419397893,399,1.09,1.089661,Rama II Road,13.675641,100.481497,FALSE,398.jpg
0103215R07,399,13.67562084,100.4815383,1.394606121,400,1.095,1.094643,Rama II Road,13.675621,100.481538,FALSE,399.jpg
0103215R07,400,13.67559978,100.4815791,1.328009975,401,1.1,1.099632,Rama II Road,13.6756,100.481579,FALSE,400.jpg
0103215R07,401,13.67557356,100.4816259,5.010295148,402,1.105,1.104622,Rama II Road,13.675574,100.481626,FALSE,401.jpg
0103215R07,402,13.67554947,100.4816719,8.039870582,403,1.11,1.109604,Rama II Road,13.675549,100.481672,FALSE,402.jpg
0103215R07,403,13.67552928,100.4817133,8.167580321,404,1.115,1.114594,Rama II Road,13.675529,100.481713,FALSE,403.jpg
0103215R07,404,13.67550691,100.4817542,8.190115058,405,1.12,1.119583,Rama II Road,13.675507,100.481754,FALSE,404.jpg
0103215R07,405,13.67548567,100.4817914,6.150305,406,1.125,1.124603,Rama II Road,13.675486,100.481791,FALSE,405.jpg
0103215R07,406,13.67546643,100.4818225,1.648112168,407,1.13,1.129631,Rama II Road,13.675466,100.481823,FALSE,406.jpg
0103215R07,407,13.67543954,100.4818594,1.710883674,408,1.135,1.134636,Rama II Road,13.67544,100.481859,FALSE,407.jpg
0103215R07,408,13.67541164,100.481896,1.86903,409,1.14,1.139664,Rama II Road,13.675412,100.481896,FALSE,408.jpg
0103215R07,409,13.67538475,100.4819331,1.931258741,410,1.145,1.144669,Rama II Road,13.675385,100.481933,FALSE,409.jpg
0103215R07,410,13.67535856,100.4819697,2.056086086,411,1.15,1.149666,Rama II Road,13.675359,100.48197,FALSE,410.jpg
0103215R07,411,13.67533407,100.4820093,1.839439439,412,1.155,1.154686,Rama II Road,13.675334,100.482009,FALSE,411.jpg
0103215R07,412,13.6753096,100.4820491,1.873328336,413,1.16,1.159744,Rama II Road,13.67531,100.482049,FALSE,412.jpg
0103215R07,413,13.67528652,100.4820896,1.930495248,414,1.165,1.164795,Rama II Road,13.675287,100.48209,FALSE,413.jpg
0103215R07,414,13.67526419,100.482131,1.98174,415,1.17,1.169876,Rama II Road,13.675264,100.482131,FALSE,414.jpg
0103215R07,415,13.67524242,100.482172,2.015532766,416,1.175,1.17495,Rama II Road,13.675242,100.482172,FALSE,415.jpg
0103215R07,416,13.67522087,100.4822124,2.02943972,417,1.18,1.18,Rama II Road,13.675221,100.482212,FALSE,416.jpg
0103215R07,417,13.67519932,100.4822541,2.086413207,418,1.185,1.185074,Rama II Road,13.675199,100.482254,FALSE,417.jpg
0103215R07,418,13.67517854,100.4822952,2.142387612,419,1.19,1.190125,Rama II Road,13.675179,100.482295,FALSE,418.jpg
0103215R07,419,13.67515835,100.4823361,2.195839161,420,1.195,1.195183,Rama II Road,13.675158,100.482336,FALSE,419.jpg
0103215R07,420,13.67513855,100.482378,2.26369,421,1.2,1.200226,Rama II Road,13.675139,100.482378,FALSE,420.jpg
0103215R07,421,13.67511928,100.4824193,2.335255,422,1.205,1.205269,Rama II Road,13.675119,100.482419,FALSE,421.jpg
0103215R07,422,13.67510104,100.4824624,2.464687344,423,1.21,1.210312,Rama II Road,13.675101,100.482462,FALSE,422.jpg
0103215R07,423,13.67508318,100.4825048,2.62507,424,1.215,1.215355,Rama II Road,13.675083,100.482505,FALSE,423.jpg
0103215R07,424,13.67506331,100.4825481,3.475935,425,1.22,1.220398,Rama II Road,13.675063,100.482548,FALSE,424.jpg
0103215R07,425,13.67504409,100.4825905,4.264120879,426,1.225,1.225456,Rama II Road,13.675044,100.482591,FALSE,425.jpg
0103215R07,426,13.67502819,100.4826344,4.336423576,427,1.23,1.230499,Rama II Road,13.675028,100.482634,FALSE,426.jpg
0103215R07,427,13.67501273,100.482677,4.406703297,428,1.236,1.235565,Rama II Road,13.675013,100.482677,FALSE,427.jpg
0103215R07,428,13.6749973,100.4827214,4.470540541,429,1.241,1.240601,Rama II Road,13.674997,100.482721,FALSE,428.jpg
0103215R07,429,13.67498222,100.4827648,4.532622623,430,1.246,1.245583,Rama II Road,13.674982,100.482765,FALSE,429.jpg
0103215R07,430,13.67496723,100.482808,4.618528529,431,1.251,1.250587,Rama II Road,13.674967,100.482808,FALSE,430.jpg
0103215R07,431,13.67495223,100.4828512,4.713963964,432,1.256,1.255577,Rama II Road,13.674952,100.482851,FALSE,431.jpg
0103215R07,432,13.67493724,100.4828943,4.660568862,433,1.261,1.260574,Rama II Road,13.674937,100.482894,FALSE,432.jpg
0103215R07,433,13.67492241,100.482937,4.470503992,434,1.266,1.265617,Rama II Road,13.674922,100.482937,FALSE,433.jpg
0103215R07,434,13.67490731,100.4829797,4.38953954,435,1.271,1.270638,Rama II Road,13.674907,100.48298,FALSE,434.jpg
0103215R07,435,13.67489134,100.4830236,4.5004004,436,1.276,1.275688,Rama II Road,13.674891,100.483024,FALSE,435.jpg
0103215R07,436,13.67487565,100.4830667,4.615975,437,1.281,1.280762,Rama II Road,13.674876,100.483067,FALSE,436.jpg
0103215R07,437,13.67485975,100.4831107,4.8043,438,1.286,1.285797,Rama II Road,13.67486,100.483111,FALSE,437.jpg
0103215R07,438,13.67484417,100.4831537,4.9888,439,1.291,1.290855,Rama II Road,13.674844,100.483154,FALSE,438.jpg
0103215R07,439,13.67482882,100.4831972,5.227538615,440,1.296,1.295891,Rama II Road,13.674829,100.483197,FALSE,439.jpg
0103215R07,440,13.67481362,100.4832409,5.492491281,441,1.301,1.300949,Rama II Road,13.674814,100.483241,FALSE,440.jpg
0103215R07,441,13.67479874,100.4832836,5.742945309,442,1.306,1.305992,Rama II Road,13.674799,100.483284,FALSE,441.jpg
0103215R07,442,13.67478299,100.4833282,5.9041144,443,1.311,1.311035,Rama II Road,13.674783,100.483328,FALSE,442.jpg
0103215R07,443,13.67476755,100.483372,6.06226292,444,1.316,1.316093,Rama II Road,13.674768,100.483372,FALSE,443.jpg
0103215R07,444,13.67475224,100.4834154,6.216273726,445,1.321,1.321129,Rama II Road,13.674752,100.483415,FALSE,444.jpg
0103215R07,445,13.67473679,100.4834593,6.367267732,446,1.326,1.326172,Rama II Road,13.674737,100.483459,FALSE,445.jpg
0103215R07,446,13.67472163,100.4835023,6.51546953,447,1.331,1.331207,Rama II Road,13.674722,100.483502,FALSE,446.jpg
0103215R07,447,13.67470629,100.4835457,6.649072319,448,1.336,1.336235,Rama II Road,13.674706,100.483546,FALSE,447.jpg
0103215R07,448,13.6746907,100.4835894,6.768473815,449,1.341,1.341278,Rama II Road,13.674691,100.483589,FALSE,448.jpg
0103215R07,449,13.67467527,100.4836328,6.886618454,450,1.346,1.346352,Rama II Road,13.674675,100.483633,FALSE,449.jpg
0103215R07,450,13.67465976,100.4836761,6.996332665,451,1.351,1.351372,Rama II Road,13.67466,100.483676,FALSE,450.jpg
0103215R07,451,13.67464393,100.4837201,7.097655311,452,1.356,1.356407,Rama II Road,13.674644,100.48372,FALSE,451.jpg
0103215R07,452,13.6746283,100.4837636,7.197695391,453,1.361,1.361465,Rama II Road,13.674628,100.483764,FALSE,452.jpg
0103215R07,453,13.67461279,100.4838068,7.29673,454,1.367,1.366501,Rama II Road,13.674613,100.483807,FALSE,453.jpg
0103215R07,454,13.67459711,100.4838508,7.396225,455,1.372,1.371544,Rama II Road,13.674597,100.483851,FALSE,454.jpg
0103215R07,455,13.67458159,100.4838944,7.49473,456,1.377,1.376595,Rama II Road,13.674582,100.483894,FALSE,455.jpg
0103215R07,456,13.67456635,100.4839372,7.59142,457,1.382,1.38163,Rama II Road,13.674566,100.483937,FALSE,456.jpg
0103215R07,457,13.674551,100.4839801,7.660750375,458,1.387,1.386612,Rama II Road,13.674551,100.48398,FALSE,457.jpg
0103215R07,458,13.67453557,100.4840232,7.727713857,459,1.392,1.391579,Rama II Road,13.674536,100.484023,FALSE,458.jpg
0103215R07,459,13.67451993,100.4840669,7.795597799,460,1.397,1.396568,Rama II Road,13.67452,100.484067,FALSE,459.jpg
0103215R07,460,13.67450448,100.4841102,7.854055944,461,1.402,1.40155,Rama II Road,13.674504,100.48411,FALSE,460.jpg
0103215R07,461,13.6744894,100.4841527,7.902327672,462,1.407,1.406502,Rama II Road,13.674489,100.484153,FALSE,461.jpg
0103215R07,462,13.67447381,100.4841967,7.952197802,463,1.411,1.411484,Rama II Road,13.674474,100.484197,FALSE,462.jpg
0103215R07,463,13.67445819,100.4842407,7.995681363,464,1.416,1.416443,Rama II Road,13.674458,100.484241,FALSE,463.jpg
0103215R07,464,13.6744429,100.4842836,8.018441884,465,1.421,1.421425,Rama II Road,13.674443,100.484284,FALSE,464.jpg
0103215R07,465,13.67442736,100.4843273,8.041588176,466,1.426,1.426399,Rama II Road,13.674427,100.484327,FALSE,465.jpg
0103215R07,466,13.67441174,100.4843712,8.062171742,467,0.002,1.431381,Chaloem Maha Nakhon Expressway,13.674412,100.484371,FALSE,466.jpg
0103215R07,467,13.67439653,100.4844141,8.072311533,468,0.007,1.436356,Chaloem Maha Nakhon Expressway,13.674397,100.484414,FALSE,467.jpg
0103215R07,468,13.67438103,100.4844579,8.082646031,469,0.012,1.441376,Chaloem Maha Nakhon Expressway,13.674381,100.484458,FALSE,468.jpg
0103215R07,469,13.6743656,100.4845015,8.0910005,470,0.017,1.446373,Chaloem Maha Nakhon Expressway,13.674366,100.484502,FALSE,469.jpg
0103215R07,470,13.67435037,100.4845448,8.094462231,471,0.022,1.451363,Chaloem Maha Nakhon Expressway,13.67435,100.484545,FALSE,470.jpg
0103215R07,471,13.67433498,100.4845885,8.097958979,472,0.027,1.456375,Chaloem Maha Nakhon Expressway,13.674335,100.484588,FALSE,471.jpg
0103215R07,472,13.67431943,100.4846321,8.114607304,473,0.032,1.461365,Chaloem Maha Nakhon Expressway,13.674319,100.484632,FALSE,472.jpg
0103215R07,473,13.67430356,100.4846758,8.149874937,474,0.037,1.466362,Chaloem Maha Nakhon Expressway,13.674304,100.484676,FALSE,473.jpg
0103215R07,474,13.67428764,100.4847197,8.185242621,475,0.042,1.471397,Chaloem Maha Nakhon Expressway,13.674288,100.48472,FALSE,474.jpg
0103215R07,475,13.67427225,100.4847634,8.236611694,476,0.047,1.47641,Chaloem Maha Nakhon Expressway,13.674272,100.484763,FALSE,475.jpg
0103215R07,476,13.67425723,100.4848071,8.299490255,477,0.052,1.481422,Chaloem Maha Nakhon Expressway,13.674257,100.484807,FALSE,476.jpg
0103215R07,477,13.67424228,100.4848506,8.362098951,478,0.057,1.48642,Chaloem Maha Nakhon Expressway,13.674242,100.484851,FALSE,477.jpg
0103215R07,478,13.67422724,100.4848943,8.46003994,479,0.062,1.491432,Chaloem Maha Nakhon Expressway,13.674227,100.484894,FALSE,478.jpg
0103215R07,479,13.67421226,100.4849378,8.571552671,480,0.067,1.496437,Chaloem Maha Nakhon Expressway,13.674212,100.484938,FALSE,479.jpg
0103215R07,480,13.67419719,100.4849816,8.683704443,481,0.072,1.50145,Chaloem Maha Nakhon Expressway,13.674197,100.484982,FALSE,480.jpg
0103215R07,481,13.6741818,100.4850255,8.697000501,482,0.077,1.506477,Chaloem Maha Nakhon Expressway,13.674182,100.485025,FALSE,481.jpg
0103215R07,482,13.67416647,100.4850691,8.693515273,483,0.082,1.511513,Chaloem Maha Nakhon Expressway,13.674166,100.485069,FALSE,482.jpg
0103215R07,483,13.67415135,100.485112,8.69008012,484,0.087,1.51651,Chaloem Maha Nakhon Expressway,13.674151,100.485112,FALSE,483.jpg
0103215R07,484,13.67413584,100.4851561,8.679894578,485,0.092,1.521538,Chaloem Maha Nakhon Expressway,13.674136,100.485156,FALSE,484.jpg
0103215R07,485,13.67412048,100.4851998,8.669653614,486,0.097,1.526543,Chaloem Maha Nakhon Expressway,13.67412,100.4852,FALSE,485.jpg
0103215R07,486,13.67410536,100.4852428,8.659721393,487,0.102,1.531502,Chaloem Maha Nakhon Expressway,13.674105,100.485243,FALSE,486.jpg
0103215R07,487,13.67408973,100.4852866,8.652925373,488,0.107,1.536575,Chaloem Maha Nakhon Expressway,13.67409,100.485287,FALSE,487.jpg
0103215R07,488,13.67407426,100.48533,8.646199005,489,0.112,1.541603,Chaloem Maha Nakhon Expressway,13.674074,100.48533,FALSE,488.jpg
0103215R07,489,13.6740589,100.4853731,8.64048,490,0.117,1.546623,Chaloem Maha Nakhon Expressway,13.674059,100.485373,FALSE,489.jpg
0103215R07,490,13.67404353,100.4854165,8.64716,491,0.122,1.551636,Chaloem Maha Nakhon Expressway,13.674044,100.485417,FALSE,490.jpg
0103215R07,491,13.67402821,100.4854598,8.65382,492,0.127,1.556648,Chaloem Maha Nakhon Expressway,13.674028,100.48546,FALSE,491.jpg
0103215R07,492,13.67401289,100.485503,8.660460691,493,0.132,1.561661,Chaloem Maha Nakhon Expressway,13.674013,100.485503,FALSE,492.jpg
0103215R07,493,13.67399696,100.4855469,8.667100651,494,0.137,1.566681,Chaloem Maha Nakhon Expressway,13.673997,100.485547,FALSE,493.jpg
0103215R07,494,13.67398114,100.4855904,8.673690536,495,0.142,1.571686,Chaloem Maha Nakhon Expressway,13.673981,100.48559,FALSE,494.jpg
0103215R07,495,13.67396527,100.4856341,8.680154382,496,0.147,1.576721,Chaloem Maha Nakhon Expressway,13.673965,100.485634,FALSE,495.jpg
0103215R07,496,13.67394992,100.4856775,8.683421315,497,0.152,1.581749,Chaloem Maha Nakhon Expressway,13.67395,100.485678,FALSE,496.jpg
0103215R07,497,13.67393471,100.4857206,8.686658367,498,0.157,1.586746,Chaloem Maha Nakhon Expressway,13.673935,100.485721,FALSE,497.jpg
0103215R07,498,13.67391951,100.4857635,8.689890438,499,0.162,1.591759,Chaloem Maha Nakhon Expressway,13.67392,100.485764,FALSE,498.jpg
0103215R07,499,13.67390365,100.4858073,8.69,500,0.167,1.596771,Chaloem Maha Nakhon Expressway,13.673904,100.485807,FALSE,499.jpg
0103215R07,500,13.67388778,100.485851,8.69,501,0.172,1.601799,Chaloem Maha Nakhon Expressway,13.673888,100.485851,FALSE,500.jpg
0103215R07,501,13.67387212,100.4858942,8.69,502,0.177,1.606804,Chaloem Maha Nakhon Expressway,13.673872,100.485894,FALSE,501.jpg
0103215R07,502,13.6738559,100.4859379,8.692765,503,0.182,1.611839,Chaloem Maha Nakhon Expressway,13.673856,100.485938,FALSE,502.jpg
0103215R07,503,13.67383968,100.4859814,8.695945,504,0.187,1.616882,Chaloem Maha Nakhon Expressway,13.67384,100.485981,FALSE,503.jpg
0103215R07,504,13.67382367,100.4860245,8.699085,505,0.192,1.621887,Chaloem Maha Nakhon Expressway,13.673824,100.486024,FALSE,504.jpg
0103215R07,505,13.67380792,100.4860678,8.731025513,506,0.197,1.6269,Chaloem Maha Nakhon Expressway,13.673808,100.486068,FALSE,505.jpg
0103215R07,506,13.67379231,100.4861112,8.774727364,507,0.202,1.63192,Chaloem Maha Nakhon Expressway,13.673792,100.486111,FALSE,506.jpg
0103215R07,507,13.67377683,100.4861542,8.81807904,508,0.207,1.636917,Chaloem Maha Nakhon Expressway,13.673777,100.486154,FALSE,507.jpg
0103215R07,508,13.67376111,100.4861978,8.838452322,509,0.212,1.64196,Chaloem Maha Nakhon Expressway,13.673761,100.486198,FALSE,508.jpg
0103215R07,509,13.6737455,100.486241,8.835391912,510,0.217,1.646942,Chaloem Maha Nakhon Expressway,13.673745,100.486241,FALSE,509.jpg
0103215R07,510,13.67372976,100.4862845,8.83230654,511,0.222,1.651978,Chaloem Maha Nakhon Expressway,13.67373,100.486284,FALSE,510.jpg
0103215R07,511,13.67371409,100.486328,8.83,512,0.227,1.656998,Chaloem Maha Nakhon Expressway,13.673714,100.486328,FALSE,511.jpg
0103215R07,512,13.67369872,100.4863714,8.83,513,0.232,1.66198,Chaloem Maha Nakhon Expressway,13.673699,100.486371,FALSE,512.jpg
0103215R07,513,13.6736832,100.4864151,8.83,514,0.237,1.666992,Chaloem Maha Nakhon Expressway,13.673683,100.486415,FALSE,513.jpg
0103215R07,514,13.67366775,100.4864587,8.829851779,515,0.242,1.671967,Chaloem Maha Nakhon Expressway,13.673668,100.486459,FALSE,514.jpg
0103215R07,515,13.67365231,100.4865016,8.820587945,516,0.247,1.676994,Chaloem Maha Nakhon Expressway,13.673652,100.486502,FALSE,515.jpg
0103215R07,516,13.67363692,100.4865444,8.811353755,517,0.252,1.681976,Chaloem Maha Nakhon Expressway,13.673637,100.486544,FALSE,516.jpg
0103215R07,517,13.67362141,100.4865875,8.802045455,518,0.257,1.686989,Chaloem Maha Nakhon Expressway,13.673621,100.486588,FALSE,517.jpg
0103215R07,518,13.67360611,100.4866312,8.80247725,519,0.262,1.691986,Chaloem Maha Nakhon Expressway,13.673606,100.486631,FALSE,518.jpg
0103215R07,519,13.67359082,100.4866751,8.805662285,520,0.267,1.696983,Chaloem Maha Nakhon Expressway,13.673591,100.486675,FALSE,519.jpg
0103215R07,520,13.67357544,100.4867194,8.808867543,521,0.272,1.701996,Chaloem Maha Nakhon Expressway,13.673575,100.486719,FALSE,520.jpg
0103215R07,521,13.67356019,100.486763,8.818175912,522,0.277,1.707001,Chaloem Maha Nakhon Expressway,13.67356,100.486763,FALSE,521.jpg
0103215R07,522,13.67354496,100.4868065,8.830869565,523,0.282,1.712013,Chaloem Maha Nakhon Expressway,13.673545,100.486806,FALSE,522.jpg
0103215R07,523,13.67352975,100.4868499,8.843543228,524,0.287,1.717018,Chaloem Maha Nakhon Expressway,13.67353,100.48685,FALSE,523.jpg
0103215R07,524,13.67351451,100.4868935,8.84064,525,0.292,1.722038,Chaloem Maha Nakhon Expressway,13.673515,100.486894,FALSE,524.jpg
0103215R07,525,13.6734993,100.4869373,8.82162,526,0.297,1.727043,Chaloem Maha Nakhon Expressway,13.673499,100.486937,FALSE,525.jpg
0103215R07,526,13.67348413,100.4869809,8.80266,527,0.302,1.73204,Chaloem Maha Nakhon Expressway,13.673484,100.486981,FALSE,526.jpg
0103215R07,527,13.67346884,100.4870247,8.78355,528,0.307,1.737083,Chaloem Maha Nakhon Expressway,13.673469,100.487025,FALSE,527.jpg
0103215R07,528,13.67345367,100.487068,8.76459,529,0.312,1.742081,Chaloem Maha Nakhon Expressway,13.673454,100.487068,FALSE,528.jpg
0103215R07,529,13.6734385,100.4871113,8.74563,530,0.317,1.747086,Chaloem Maha Nakhon Expressway,13.673439,100.487111,FALSE,529.jpg
0103215R07,530,13.6734233,100.4871546,8.726696697,531,0.322,1.752083,Chaloem Maha Nakhon Expressway,13.673423,100.487155,FALSE,530.jpg
0103215R07,531,13.6734078,100.4871982,8.707717718,532,0.327,1.757088,Chaloem Maha Nakhon Expressway,13.673408,100.487198,FALSE,531.jpg
0103215R07,532,13.67339221,100.4872422,8.688618619,533,0.332,1.762123,Chaloem Maha Nakhon Expressway,13.673392,100.487242,FALSE,532.jpg
